0 0.4453125 0.2890625 0.2015625 0.0796875
0 0.375 0.20703125 0.3796875 0.1875
0 0.3265625 0.62421875 0.209375 0.1296875
0 0.4015625 0.57109375 0.3828125 0.1453125
0 0.6703125 0.91640625 0.55625 0.1671875
0 0.57421875 0.2921875 0.8515625 0.584375
0 0.3171875 0.71484375 0.1734375 0.0890625
0 0.278125 0.515625 0.0984375 0.046875
0 0.24296875 0.47890625 0.1765625 0.1140625
0 0.80078125 0.51015625 0.3984375 0.2953125
0 0.365625 0.784375 0.290625 0.25
0 0.46953125 0.0796875 0.1140625 0.146875
0 0.753125 0.72890625 0.45625 0.296875
0 0.46484375 0.6734375 0.496875 0.3375