0 0.59453125 0.49609375 0.6234375 0.2828125
0 0.5703125 0.225 0.81875 0.45
0 0.76953125 0.08984375 0.159375 0.078125
0 0.89765625 0.225 0.1109375 0.0984375
0 0.74609375 0.56328125 0.2390625 0.1203125
0 0.90546875 0.15390625 0.096875 0.0625
0 0.5734375 0.6625 0.784375 0.578125
0 0.84921875 0.66953125 0.3015625 0.2578125
0 0.78828125 0.12109375 0.2578125 0.14375
0 0.6578125 0.83046875 0.684375 0.3390625
0 0.89296875 0.05859375 0.0953125 0.090625
0 0.621875 0.31328125 0.571875 0.3015625
0 0.89765625 0.0125 0.0640625 0.025