0 0.546875 0.7125 0.203125 0.0859375
0 0.61484375 0.79765625 0.3828125 0.2
0 0.67734375 0.38203125 0.2125 0.1359375
0 0.6015625 0.43203125 0.3859375 0.1578125
0 0.3453125 0.08515625 0.559375 0.1703125
0 0.42578125 0.69921875 0.8515625 0.6015625
0 0.68984375 0.2921875 0.175 0.0953125
0 0.721875 0.4921875 0.1 0.05
0 0.75625 0.5296875 0.1796875 0.1203125
0 0.20078125 0.4796875 0.4015625 0.30625
0 0.64453125 0.2203125 0.296875 0.2578125
0 0.515625 0.921875 0.1171875 0.15
0 0.25546875 0.2625 0.4640625 0.3109375
0 0.540625 0.328125 0.50625 0.353125