0 0.62109375 0.20390625 0.7578125 0.4078125
0 0.4453125 0.52109375 0.396875 0.31875
0 0.18359375 0.096875 0.1890625 0.1703125
0 0.6328125 0.08359375 0.178125 0.128125
0 0.71640625 0.4484375 0.5671875 0.409375
0 0.84609375 0.8546875 0.2515625 0.290625
0 0.63984375 0.71171875 0.7203125 0.528125
0 0.81640625 0.08515625 0.2140625 0.121875
0 0.14296875 0.5625 0.2859375 0.209375
0 0.2765625 0.89765625 0.2640625 0.1828125
0 0.53984375 0.91640625 0.4171875 0.1671875
0 0.1625 0.23671875 0.2609375 0.2046875
0 0.12265625 0.35546875 0.2296875 0.153125
0 0.484375 0.65390625 0.35625 0.209375
0 0.7890625 0.31953125 0.1921875 0.078125
0 0.184375 0.03203125 0.2625 0.0640625
0 0.16875 0.4453125 0.3375 0.209375
0 0.1734375 0.76328125 0.346875 0.4078125
0 0.6421875 0.96484375 0.225 0.0703125
0 0.1234375 0.9203125 0.121875 0.0875
0 0.371875 0.3578125 0.2765625 0.1921875
0 0.2453125 0.828125 0.109375 0.0953125
0 0.2609375 0.6109375 0.2234375 0.11875
0 0.053125 0.8421875 0.10625 0.215625
0 0.07421875 0.253125 0.1109375 0.140625
0 0.284375 0.08203125 0.084375 0.1640625
0 0.08671875 0.09921875 0.096875 0.15625
0 0.065625 0.6984375 0.13125 0.190625
0 0.2515625 0.0265625 0.109375 0.053125
0 0.034375 0.9125 0.06875 0.075