0 0.70546875 0.42734375 0.06171875 0.19609375
0 0.78125 0.35 0.15546875 0.3671875
0 0.3609375 0.33828125 0.11171875 0.20078125
0 0.4203125 0.4078125 0.11328125 0.37578125
0 0.0796875 0.7078125 0.159375 0.54375
0 0.72890625 0.57421875 0.54140625 0.846875
0 0.2703125 0.33671875 0.075 0.1671875
0 0.46484375 0.28046875 0.0390625 0.0953125
0 0.4984375 0.2421875 0.1 0.16875
0 0.51640625 0.803125 0.26328125 0.38203125
0 0.2046875 0.390625 0.2265625 0.27109375
0 0.91640625 0.4328125 0.1390625 0.1015625
0 0.29375 0.771875 0.259375 0.4359375
0 0.32421875 0.48046875 0.296875 0.4734375