0 0.54765625 0.52734375 0.4265625 0.775
0 0.18359375 0.37265625 0.0921875 0.1078125
0 0.240625 0.409375 0.10625 0.1421875
0 0.22109375 0.32265625 0.0265625 0.05
0 0.24375 0.328125 0.04375 0.0484375
0 0.265625 0.3484375 0.040625 0.046875
0 0.2859375 0.3390625 0.0453125 0.0453125
0 0.2828125 0.33984375 0.025 0.0375
0 0.3078125 0.34765625 0.03125 0.053125
0 0.3328125 0.346875 0.040625 0.046875
0 0.34921875 0.36484375 0.05 0.0609375
0 0.35703125 0.35390625 0.0375 0.05
0 0.375 0.359375 0.040625 0.05
0 0.04140625 0.31171875 0.0375 0.084375
0 0.05 0.28125 0.028125 0.0375
0 0.0609375 0.2875 0.03125 0.0609375
0 0.07734375 0.28125 0.0296875 0.05
0 0.08984375 0.296875 0.0328125 0.05625
0 0.11484375 0.29453125 0.0390625 0.046875
0 0.1328125 0.29765625 0.0328125 0.05625
0 0.15703125 0.30078125 0.0296875 0.0515625
0 0.14765625 0.290625 0.0234375 0.034375
0 0.40234375 0.3984375 0.0625 0.078125
0 0.40390625 0.36875 0.0234375 0.0453125
0 0.57109375 0.415625 0.0328125 0.0453125
0 0.59609375 0.4171875 0.0234375 0.0359375
0 0.6390625 0.45546875 0.0328125 0.0390625
0 0.66640625 0.52265625 0.1078125 0.134375
0 0.70234375 0.46953125 0.0484375 0.065625
0 0.6984375 0.5234375 0.065625 0.115625
0 0.75625 0.540625 0.15 0.159375
0 0.74140625 0.46484375 0.0546875 0.059375
0 0.75546875 0.4734375 0.0546875 0.05
0 0.796875 0.5125 0.0828125 0.090625
0 0.7890625 0.47421875 0.0296875 0.0421875
0 0.8328125 0.50625 0.0671875 0.084375
0 0.92578125 0.50859375 0.0375 0.05
0 0.97421875 0.51875 0.05 0.0515625
0 0.97890625 0.546875 0.0421875 0.090625
0 0.96171875 0.665625 0.0765625 0.25