0 0.553125 0.51484375 0.25546875 0.73359375
0 0.1625 0.453125 0.071875 0.09375
0 0.2265625 0.475 0.078125 0.1265625
0 0.18671875 0.3953125 0.01640625 0.046875
0 0.21015625 0.3953125 0.03359375 0.040625
0 0.2359375 0.409375 0.03046875 0.03984375
0 0.253125 0.3953125 0.0375 0.0375
0 0.25078125 0.396875 0.0171875 0.03515625
0 0.2765625 0.3984375 0.0203125 0.05078125
0 0.30078125 0.3921875 0.03125 0.03984375
0 0.32109375 0.40546875 0.03671875 0.053125
0 0.32578125 0.39296875 0.02734375 0.04453125
0 0.34453125 0.39375 0.03125 0.04375
0 0.009375 0.428125 0.01796875 0.0828125
0 0.01015625 0.396875 0.0203125 0.034375
0 0.02265625 0.4 0.0171875 0.0578125
0 0.03671875 0.38984375 0.01875 0.046875
0 0.053125 0.40234375 0.0203125 0.053125
0 0.0765625 0.39375 0.0296875 0.03984375
0 0.09453125 0.3921875 0.0203125 0.05234375
0 0.11875 0.38984375 0.01953125 0.0484375
0 0.1078125 0.38203125 0.01484375 0.03203125
0 0.38046875 0.425 0.04609375 0.06875
0 0.375 0.39609375 0.01328125 0.04296875
0 0.5484375 0.40078125 0.0234375 0.03984375
0 0.5734375 0.39609375 0.01484375 0.0328125
0 0.62421875 0.4234375 0.02578125 0.03359375
0 0.6671875 0.48203125 0.08125 0.11796875
0 0.6890625 0.42109375 0.03359375 0.059375
0 0.6984375 0.475 0.03984375 0.109375
0 0.75859375 0.47734375 0.1203125 0.13515625
0 0.72578125 0.4078125 0.04453125 0.05078125
0 0.74140625 0.4125 0.04609375 0.0390625
0 0.79140625 0.440625 0.06484375 0.0765625
0 0.77421875 0.4046875 0.021875 0.0375
0 0.82421875 0.42578125 0.04921875 0.07578125
0 0.915625 0.40546875 0.02890625 0.04375
0 0.96484375 0.403125 0.03984375 0.04375
0 0.98203125 0.428125 0.0359375 0.084375
0 0.98984375 0.54921875 0.01953125 0.25234375