0 0.5109375 0.40625 0.18984375 0.6015625
0 0.20390625 0.38203125 0.4078125 0.7640625
0 0.13671875 0.16953125 0.0546875 0.15234375
0 0.290625 0.0640625 0.08359375 0.0984375
0 0.60078125 0.2671875 0.0859375 0.228125
0 0.221875 0.0453125 0.0484375 0.08984375
0 0.671875 0.453125 0.47265625 0.71953125
0 0.725 0.165625 0.21171875 0.3046875
0 0.17109375 0.15625 0.10703125 0.24453125
0 0.8640625 0.396875 0.265625 0.65234375
0 0.12578125 0.04296875 0.07734375 0.084375
0 0.334375 0.35 0.21875 0.54375
0 0.0484375 0.02578125 0.084375 0.0515625