0 0.81171875 0.58515625 0.32734375 0.725
0 0.47265625 0.4484375 0.2765625 0.36640625
0 0.86171875 0.13671875 0.14921875 0.17109375
0 0.9296875 0.58125 0.109375 0.165625
0 0.57890625 0.72109375 0.34453125 0.55390625
0 0.16171875 0.89140625 0.3234375 0.2140625
0 0.30703125 0.66484375 0.44921875 0.6703125
0 0.95 0.76328125 0.0984375 0.20390625
0 0.39296875 0.14375 0.175 0.28671875
0 0.078125 0.3265625 0.15234375 0.24609375
0 0.075 0.59296875 0.15 0.4015625
0 0.7203125 0.1328125 0.1765625 0.24140625
0 0.59765625 0.1078125 0.12890625 0.215625
0 0.3453125 0.503125 0.16796875 0.3375
0 0.7140625 0.76484375 0.05546875 0.1875
0 0.95390625 0.1265625 0.0921875 0.253125
0 0.51328125 0.1625 0.1703125 0.325
0 0.19453125 0.18046875 0.3671875 0.3609375
0 0.0390625 0.7 0.07734375 0.2171875
0 0.03671875 0.17734375 0.0734375 0.1140625
0 0.62578125 0.35546875 0.16328125 0.25859375
0 0.14296875 0.2875 0.084375 0.09921875
0 0.3609375 0.2765625 0.09453125 0.2140625
0 0.1015625 0.0703125 0.19921875 0.13984375
0 0.69296875 0.04765625 0.1296875 0.0953125
0 0.8953125 0.23515625 0.17109375 0.0640625
0 0.84765625 0.040625 0.14609375 0.0796875
0 0.24765625 0.07421875 0.1734375 0.1484375
0 0.95 0.19453125 0.06171875 0.10390625
0 0.03046875 0.06171875 0.0609375 0.1171875