0 0.7796875 0.62734375 0.440625 0.7453125
0 0.4828125 0.44453125 0.340625 0.4109375
0 0.9171875 0.2125 0.165625 0.196875
0 0.90625 0.66171875 0.1390625 0.1828125
0 0.534375 0.7140625 0.44375 0.571875
0 0.1359375 0.81875 0.271875 0.271875
0 0.28203125 0.625 0.5640625 0.74375
0 0.89140625 0.84453125 0.1359375 0.21875
0 0.46328125 0.14375 0.2265625 0.2875
0 0.11875 0.24921875 0.196875 0.271875
0 0.08828125 0.51015625 0.1765625 0.4234375
0 0.7859375 0.18125 0.21875 0.2703125
0 0.6703125 0.13359375 0.1671875 0.2359375
0 0.34765625 0.4734375 0.2296875 0.3640625
0 0.659375 0.80078125 0.090625 0.1953125
0 0.9734375 0.2203125 0.053125 0.265625
0 0.57734375 0.1734375 0.2296875 0.346875
0 0.26015625 0.1703125 0.4296875 0.340625
0 0.034375 0.6078125 0.06875 0.228125
0 0.10703125 0.09453125 0.09375 0.1265625
0 0.65078125 0.38203125 0.209375 0.2859375
0 0.18984375 0.2234375 0.1015625 0.1140625
0 0.40625 0.25390625 0.1328125 0.228125
0 0.18984375 0.0453125 0.2234375 0.090625
0 0.77578125 0.09296875 0.1453125 0.11875
0 0.9234375 0.31484375 0.153125 0.0953125
0 0.92421875 0.115625 0.1515625 0.10625
0 0.33359375 0.0609375 0.1984375 0.121875
0 0.9796875 0.2859375 0.040625 0.1125
0 0.12265625 0.021875 0.0828125 0.04375